GRE Score,TOEFL Score,University Rating,SOP,CGPA,Research,LOR,Chance of Admit
321,111,3,3.5,8.83,1,4.0,0.77
316,111,4,4.0,8.54,0,5.0,0.71
303,102,3,3.5,8.5,0,3.0,0.62
314,107,2,2.5,8.27,0,4.0,0.72
308,106,3,3.5,8.21,1,2.5,0.75
316,102,3,2.0,7.4,0,3.0,0.64
319,108,2,2.5,8.76,0,3.0,0.66
324,111,4,3.0,9.01,1,3.0,0.82
311,105,2,3.0,8.12,1,2.0,0.73
309,105,5,3.5,8.56,0,3.5,0.71
316,100,2,1.5,8.16,1,3.0,0.71
334,119,5,4.5,9.54,1,5.0,0.94
325,111,4,4.0,9.11,1,4.5,0.83
340,120,5,4.5,9.6,1,4.5,0.94
298,97,2,2.0,7.21,0,3.0,0.45
317,110,3,4.0,9.11,1,4.5,0.8
311,104,2,2.5,8.48,0,3.5,0.71
329,114,5,4.5,9.19,1,5.0,0.86
290,104,4,2.0,7.46,0,2.5,0.45
313,107,2,2.5,8.5,1,2.0,0.53
313,103,3,4.0,8.75,0,4.0,0.76
329,119,4,4.5,9.16,1,4.5,0.9
317,106,3,4.0,8.5,1,3.5,0.75
324,105,3,3.0,8.75,0,4.0,0.79
319,106,3,3.5,8.33,1,2.5,0.74
312,110,2,3.5,8.53,0,3.0,0.64
316,103,3,3.5,7.68,0,2.0,0.52
334,120,5,4.0,9.87,1,5.0,0.97
323,113,3,4.0,9.32,1,3.0,0.85
297,96,2,2.5,7.89,0,1.5,0.43
327,103,3,4.0,8.3,1,4.0,0.74
320,110,2,4.0,8.56,0,3.5,0.72
320,110,5,4.0,9.27,1,4.0,0.87
299,96,2,1.5,7.86,0,2.0,0.54
329,110,2,4.0,9.15,1,3.0,0.84
298,99,2,4.0,7.6,0,2.0,0.46
322,114,5,4.5,8.94,1,4.0,0.86
336,119,5,4.0,9.8,1,3.5,0.97
319,106,3,4.0,8.0,1,3.0,0.65
313,102,3,2.5,8.68,0,2.5,0.71
327,114,3,3.0,9.02,0,3.0,0.61
305,106,2,3.0,8.16,0,3.0,0.64
325,110,4,4.5,8.96,1,4.0,0.79
303,99,3,2.0,7.66,0,2.5,0.36
335,115,4,4.5,9.68,1,4.5,0.93
312,105,2,2.0,8.45,0,2.5,0.72
334,119,5,5.0,9.7,1,4.5,0.95
324,113,4,4.5,8.79,0,4.0,0.76
312,104,3,3.5,8.09,0,4.0,0.71
312,106,3,3.0,8.57,0,5.0,0.71
330,115,5,4.5,9.34,1,3.0,0.9
299,102,3,4.0,8.62,0,3.5,0.56
322,110,5,5.0,9.1,1,4.0,0.88
317,107,3,4.0,8.7,0,3.0,0.66
307,105,4,3.0,7.94,0,3.0,0.62
301,104,2,3.5,7.89,1,3.5,0.68
322,110,3,3.5,8.67,1,2.5,0.8
324,110,4,3.0,8.97,1,3.5,0.84
302,99,3,2.5,7.45,0,3.0,0.52
309,100,2,3.0,8.1,0,3.0,0.48
305,108,5,3.0,8.48,0,3.0,0.61
324,111,3,2.5,8.8,1,2.0,0.79
316,103,2,2.0,8.74,0,4.5,0.69
310,99,2,1.5,7.3,0,2.0,0.54
317,106,1,1.5,7.65,1,3.5,0.61
311,103,3,2.0,8.09,0,4.0,0.64
322,109,5,4.5,8.8,0,3.5,0.76
308,101,2,3.0,7.9,0,4.0,0.68
319,103,3,2.5,8.76,1,4.0,0.73
331,116,5,5.0,9.38,1,5.0,0.93
300,105,1,1.0,7.8,0,2.0,0.58
309,104,2,2.0,8.26,0,2.5,0.65
302,110,3,4.0,8.5,0,4.5,0.65
296,99,2,3.0,7.28,0,3.5,0.47
311,105,3,3.5,8.45,1,3.0,0.59
320,111,4,4.5,8.87,1,3.5,0.85
321,109,3,3.0,8.54,1,3.0,0.79
305,107,2,2.5,8.42,0,2.5,0.71
325,112,2,3.0,8.96,1,3.5,0.8
301,98,1,2.0,8.03,1,3.0,0.67
314,102,2,2.0,8.24,0,2.5,0.64
307,107,2,3.0,8.52,1,3.5,0.78
311,101,3,2.0,7.64,1,2.5,0.62
322,110,3,3.5,8.96,1,3.0,0.78
310,105,2,3.0,8.01,0,3.5,0.71
332,118,2,4.5,9.36,1,3.5,0.9
330,114,4,4.5,9.17,1,3.0,0.86
316,107,2,3.5,8.64,1,3.5,0.57
325,108,4,4.5,9.06,1,4.0,0.79
293,97,2,2.0,7.8,1,4.0,0.64
300,95,2,3.0,8.22,1,1.5,0.62
304,101,2,2.0,7.66,0,2.5,0.38
304,100,2,3.5,8.22,0,3.0,0.63
294,95,1,1.5,7.64,0,1.5,0.49
304,103,5,5.0,8.64,0,4.0,0.68
324,110,3,3.5,8.87,1,4.0,0.8
320,113,2,2.0,8.64,1,2.5,0.81
298,98,2,4.0,8.03,0,3.0,0.34
321,112,5,5.0,9.06,1,5.0,0.86
311,98,1,1.0,7.46,0,2.5,0.57
318,101,5,3.5,8.78,1,5.0,0.78
322,115,5,4.0,9.36,1,4.5,0.92
328,110,4,4.0,9.02,1,2.5,0.81
322,110,5,4.5,8.97,0,4.0,0.78
317,105,3,3.5,8.56,0,3.0,0.68
313,107,3,4.0,8.69,0,4.5,0.72
318,112,3,4.0,8.67,0,3.5,0.71
314,106,3,3.0,8.9,0,5.0,0.74
318,103,3,4.0,8.49,1,4.5,0.71
314,105,2,2.5,7.64,0,2.0,0.7
320,104,3,3.0,8.57,1,2.5,0.74
327,104,5,3.0,8.84,1,3.5,0.71
320,104,3,3.0,8.74,1,3.5,0.76
305,112,3,3.0,8.65,0,3.5,0.71
307,110,4,4.0,8.37,0,4.5,0.79
297,98,2,2.5,7.67,0,3.0,0.59
333,117,4,5.0,9.66,1,4.0,0.95
296,99,2,2.5,8.03,0,2.5,0.61
300,102,3,3.5,8.17,0,2.5,0.63
330,113,5,5.0,9.31,1,4.0,0.91
324,110,4,4.5,9.15,1,4.0,0.82
315,100,1,2.0,7.95,0,2.5,0.58
299,106,2,4.0,8.4,0,4.0,0.64
306,105,2,3.0,8.26,0,2.5,0.73
318,109,1,3.5,9.12,0,3.5,0.78
313,102,3,3.5,8.9,1,4.0,0.77
314,107,2,2.5,8.56,0,4.0,0.63
312,105,2,1.5,8.46,0,3.0,0.66
336,118,5,4.5,9.19,1,4.0,0.92
311,104,2,2.0,8.3,0,2.0,0.42
321,109,4,4.0,8.68,1,4.0,0.69
316,109,4,4.5,8.76,1,3.5,0.74
310,110,1,1.5,7.23,1,4.0,0.58
321,109,3,3.0,8.2,1,4.0,0.75
322,110,3,4.0,8.64,1,5.0,0.85
304,97,2,1.5,7.64,0,2.0,0.47
323,108,5,4.0,8.74,1,4.0,0.81
306,106,2,2.0,8.14,0,2.5,0.61
334,114,4,4.0,9.43,1,4.0,0.93
319,110,3,3.5,9.04,0,3.5,0.82
317,104,2,3.0,8.76,0,3.0,0.77
316,106,2,2.5,8.32,0,4.0,0.72
315,101,3,3.5,9.13,0,4.5,0.79
325,106,3,3.5,8.4,1,4.0,0.52
322,104,3,3.5,8.84,1,4.0,0.78
317,104,2,4.5,8.47,0,4.0,0.57
340,120,4,5.0,9.5,1,5.0,0.96
304,105,1,3.0,7.5,0,1.5,0.52
305,105,2,3.0,8.13,0,4.0,0.66
313,102,3,2.0,8.27,0,3.0,0.64
326,114,4,4.0,9.16,1,3.5,0.86
310,107,3,3.5,8.67,0,3.5,0.76
308,105,4,3.0,7.95,1,2.5,0.67
311,104,3,4.5,8.43,0,4.5,0.7
320,120,3,4.0,9.11,0,4.5,0.86
315,104,3,4.0,8.1,0,2.5,0.65
315,105,3,2.0,8.48,0,2.5,0.75
326,112,4,4.0,9.12,1,3.5,0.84
326,114,3,3.0,9.11,1,3.0,0.83
320,108,3,3.5,8.97,1,5.0,0.84
324,114,5,5.0,9.08,1,4.5,0.89
308,108,3,3.5,8.22,0,3.5,0.61
298,92,1,2.0,7.88,0,2.0,0.51
306,100,2,3.0,8.0,0,3.0,0.48
340,120,4,4.5,9.92,1,4.0,0.97
299,100,1,1.5,7.89,0,2.0,0.59
331,116,4,4.5,9.44,1,4.5,0.92
331,120,3,4.0,8.96,1,4.0,0.86
298,100,3,2.5,7.95,1,4.0,0.58
310,106,4,1.5,8.36,0,2.5,0.57
314,110,3,4.0,8.8,0,4.0,0.75
340,120,5,4.5,9.91,1,4.5,0.97
316,105,3,3.0,8.73,0,3.5,0.72
321,109,3,3.5,8.8,1,3.5,0.74
330,114,3,4.5,9.24,1,4.5,0.9
325,110,4,3.5,8.67,1,4.0,0.73
302,101,2,2.5,7.96,0,3.5,0.46
324,110,3,3.5,9.04,1,3.5,0.82
340,112,4,5.0,9.66,1,4.5,0.94
300,100,3,2.0,8.66,1,3.0,0.64
322,105,2,3.0,8.45,1,3.0,0.65
308,109,2,3.0,8.45,0,4.0,0.71
309,111,2,2.5,8.03,0,4.0,0.6
312,104,3,3.5,8.42,0,3.5,0.74
333,118,5,5.0,9.35,1,5.0,0.92
299,100,3,2.0,7.42,0,3.0,0.42
313,109,3,4.0,9.0,0,3.5,0.79
324,113,5,4.0,9.25,1,5.0,0.92
297,96,2,2.5,7.43,0,2.0,0.34
300,102,2,1.5,7.87,0,2.0,0.56
317,106,2,2.0,8.12,0,3.5,0.73
316,101,2,2.5,8.32,1,2.0,0.61
325,107,3,3.0,9.11,1,3.5,0.84
312,107,3,3.0,8.46,1,3.0,0.75
301,107,3,3.5,8.34,1,3.5,0.62
307,102,3,3.0,8.27,0,3.0,0.73
325,112,4,4.0,9.0,1,4.0,0.8
324,112,4,4.5,9.22,1,4.0,0.86
327,115,4,3.5,9.14,0,4.0,0.79
323,107,4,3.0,8.48,1,2.5,0.78
322,112,4,3.5,9.02,1,2.5,0.73
304,100,2,2.5,8.07,0,3.5,0.64
328,108,4,4.5,9.18,1,4.0,0.84
329,111,4,4.5,9.01,1,4.0,0.81
312,103,3,5.0,8.45,0,4.0,0.76
310,106,2,3.5,8.33,0,2.5,0.73
326,102,4,5.0,8.76,1,5.0,0.77
312,107,2,2.5,8.27,0,3.5,0.69
310,106,4,4.5,9.04,1,4.5,0.66
335,117,5,5.0,9.56,1,5.0,0.94
313,101,3,2.5,8.04,0,3.0,0.62
305,105,2,3.0,8.23,0,2.0,0.67
324,109,3,3.5,8.94,1,3.0,0.78
330,116,4,5.0,9.45,1,4.5,0.91
319,112,3,2.5,8.71,1,2.0,0.78
331,116,5,4.0,9.26,1,4.0,0.93
313,94,2,2.5,8.13,0,1.5,0.56
338,117,4,3.5,9.46,1,4.5,0.91
310,103,2,2.5,8.24,0,2.5,0.72
326,116,3,3.5,9.14,1,4.0,0.81
323,112,5,4.0,8.78,0,4.5,0.79
328,116,4,5.0,9.6,1,3.5,0.93
326,113,5,4.5,9.4,1,4.0,0.91
319,105,4,4.0,8.66,1,4.5,0.77
325,112,4,3.5,8.92,0,3.5,0.55
321,111,3,2.5,8.9,1,3.0,0.8
319,103,4,4.5,8.66,0,3.5,0.76
324,115,3,3.5,8.76,1,3.0,0.7
317,107,3,3.5,8.68,1,3.0,0.84
300,100,3,3.0,8.26,0,3.5,0.62
297,100,1,1.5,7.9,0,2.0,0.52
328,112,4,4.0,9.1,1,4.5,0.78
320,110,5,5.0,9.2,1,5.0,0.88
295,93,1,2.0,7.2,0,2.0,0.46
312,101,2,2.5,8.04,1,3.5,0.68
331,115,5,4.0,9.44,1,3.5,0.92
312,103,3,3.5,8.78,0,4.0,0.67
308,106,3,3.0,8.24,0,3.0,0.58
316,110,3,3.5,8.56,0,4.0,0.75
304,100,4,1.5,7.84,0,2.5,0.42
312,100,2,1.5,7.9,1,3.5,0.56
296,101,1,2.5,7.68,0,3.0,0.6
317,106,3,3.5,7.89,1,3.0,0.73
303,98,1,2.0,7.65,0,2.5,0.56
309,108,3,2.5,8.12,0,3.0,0.72
316,105,2,2.5,8.2,1,2.5,0.49
312,103,4,4.0,8.43,0,5.0,0.73
321,112,3,3.0,8.95,1,4.5,0.77
315,99,2,3.5,7.89,0,3.0,0.63
312,106,3,4.0,8.79,1,3.5,0.81
321,114,4,4.0,9.12,0,5.0,0.85
314,102,4,2.5,7.88,1,2.0,0.59
314,103,2,2.0,8.21,0,3.0,0.65
309,99,3,4.0,8.56,0,4.0,0.76
312,109,2,2.5,9.02,0,4.0,0.8
322,107,3,3.5,8.46,1,3.5,0.71
306,110,2,3.5,8.45,0,4.0,0.63
340,115,5,5.0,9.06,1,4.5,0.95
333,119,5,5.0,9.78,1,4.5,0.96
334,117,5,4.0,9.07,1,4.5,0.89
332,119,4,5.0,9.24,1,4.5,0.9
302,99,2,1.0,7.97,0,2.0,0.56
330,116,5,5.0,9.36,1,4.5,0.93
307,101,3,4.0,8.2,0,3.0,0.47
339,119,5,4.5,9.7,0,4.0,0.89
338,118,4,3.0,9.4,1,4.5,0.91
314,107,3,3.0,8.17,1,3.5,0.73
295,101,2,2.5,7.86,0,2.0,0.69
317,103,3,2.5,8.54,1,3.0,0.73
327,118,4,5.0,9.67,1,5.0,0.93
298,98,2,1.5,7.5,1,2.5,0.44
325,114,5,4.0,9.46,1,5.0,0.91
313,104,3,4.0,8.65,0,4.5,0.73
327,108,5,5.0,9.13,1,3.5,0.87
314,104,4,5.0,9.02,0,5.0,0.82
318,109,3,3.0,8.5,0,3.0,0.67
323,111,5,4.0,9.86,1,5.0,0.92
326,116,2,4.5,9.08,1,3.0,0.8
304,105,2,3.0,8.2,1,3.0,0.54
314,109,4,3.5,8.77,1,4.0,0.82
326,112,3,3.5,9.1,1,3.0,0.84
304,104,3,2.5,8.12,0,2.0,0.62
302,102,1,2.0,8.0,0,1.5,0.5
299,100,3,2.0,8.02,0,2.0,0.63
304,107,3,3.5,7.86,0,3.0,0.57
325,111,3,3.0,8.7,0,3.5,0.52
309,106,2,2.5,8.0,0,2.5,0.62
311,104,3,3.5,8.2,1,2.0,0.61
315,105,3,2.0,8.34,0,2.5,0.7
308,110,3,3.5,8.0,1,3.0,0.46
311,99,1,2.5,8.43,1,3.0,0.71
323,110,4,4.0,8.88,1,5.0,0.81
330,116,4,4.0,9.23,1,3.5,0.91
322,112,4,4.5,9.26,1,4.5,0.91
304,102,2,3.0,8.73,0,4.0,0.67
306,103,3,3.5,8.21,0,3.0,0.64
311,104,3,4.0,8.13,1,3.5,0.74
332,118,5,5.0,9.47,1,5.0,0.94
325,112,4,4.0,9.17,1,4.5,0.85
310,102,3,3.5,8.02,1,4.0,0.66
338,120,4,5.0,9.66,1,5.0,0.95
317,100,2,3.0,8.57,0,2.5,0.68
295,99,1,2.0,7.57,0,1.5,0.37
316,99,2,2.5,9.0,0,3.0,0.7
322,112,3,3.0,8.62,1,4.0,0.76
319,102,3,2.5,8.37,0,2.5,0.68
323,107,3,3.5,8.55,1,3.5,0.73
318,107,3,3.0,8.27,1,3.5,0.74
308,108,4,4.5,8.34,0,5.0,0.77
315,110,2,3.5,8.46,1,3.0,0.72
298,99,1,1.5,7.46,0,3.0,0.53
332,117,4,4.5,9.1,0,4.0,0.87
321,109,4,4.0,9.13,1,4.0,0.85
315,105,2,3.0,8.34,0,3.0,0.66
324,111,5,4.5,9.16,1,4.0,0.9
308,110,4,3.5,8.6,0,3.0,0.7
331,119,4,5.0,9.34,1,4.5,0.9
316,110,3,4.0,8.78,1,4.5,0.69
324,112,4,4.0,8.1,1,2.5,0.72
320,108,3,3.5,8.44,1,4.0,0.76
324,107,4,4.0,8.87,1,4.5,0.76
332,112,1,1.5,8.66,1,3.0,0.79
328,113,4,4.0,8.77,1,2.5,0.83
327,111,4,3.0,8.4,1,4.0,0.78
308,102,2,2.0,7.98,1,3.5,0.58
312,105,3,2.0,8.02,1,3.0,0.5
295,99,2,2.5,7.65,0,3.0,0.57
331,112,5,4.0,9.8,1,5.0,0.94
324,111,3,2.5,8.79,1,1.5,0.7
310,101,3,3.5,8.65,1,5.0,0.71
320,104,3,3.5,8.34,1,4.5,0.74
299,97,3,5.0,7.66,0,3.5,0.38
324,107,5,3.5,8.66,1,4.0,0.81
316,102,2,4.0,8.15,0,3.5,0.67
334,116,4,4.0,8.0,1,3.0,0.78
316,98,1,1.5,7.43,0,2.0,0.49
325,110,2,3.0,8.76,1,2.5,0.75
317,103,2,2.5,8.15,0,2.0,0.65
307,109,3,4.0,8.0,1,3.0,0.62
308,104,2,2.5,8.07,0,3.0,0.65
314,108,3,4.5,8.14,0,3.5,0.64
307,105,2,2.0,8.1,0,3.5,0.53
312,99,1,1.0,8.01,1,1.5,0.52
302,102,3,3.5,8.33,0,5.0,0.65
324,112,4,4.0,8.77,1,3.5,0.8
298,101,4,2.5,7.69,1,4.5,0.53
333,113,5,4.0,9.28,1,4.0,0.89
323,110,3,4.0,9.1,1,3.5,0.79
321,102,3,3.5,9.01,1,4.0,0.8
327,113,4,3.5,8.69,1,3.0,0.8
325,114,3,3.5,9.04,1,3.0,0.76
322,110,3,3.0,8.0,0,3.5,0.7
306,103,2,2.5,8.36,0,3.0,0.69
313,98,3,2.5,8.3,1,4.5,0.76
299,100,2,2.0,7.88,0,2.0,0.51
321,111,4,4.0,8.97,1,4.0,0.87
328,116,5,4.5,9.08,1,5.0,0.91
324,112,5,5.0,9.08,1,5.0,0.88
337,117,5,5.0,9.87,1,5.0,0.96
335,118,5,4.5,9.44,1,3.5,0.93
311,99,2,2.5,7.98,0,3.0,0.65
300,99,1,3.0,6.8,1,2.0,0.36
321,110,3,3.5,8.85,1,5.0,0.82
295,96,2,1.5,7.34,0,2.0,0.47
326,111,5,4.5,9.23,1,4.0,0.88
318,100,2,2.5,8.54,1,3.5,0.71
325,114,4,3.0,8.4,0,2.0,0.7
301,100,3,3.5,8.04,0,3.0,0.67
329,113,4,4.0,9.36,1,3.5,0.89
315,103,1,1.5,7.86,0,2.0,0.57
329,113,5,5.0,9.45,1,4.5,0.89
321,114,5,4.5,9.16,1,4.5,0.87
323,110,5,4.0,8.98,1,5.0,0.87
335,117,5,5.0,9.82,1,5.0,0.96
312,98,1,3.5,8.18,1,3.0,0.64
317,101,3,3.0,7.94,1,2.0,0.49
305,103,2,2.5,8.13,0,3.5,0.59
324,100,3,4.0,8.64,1,5.0,0.78
312,108,3,3.5,8.53,0,3.0,0.69
311,106,2,3.5,8.26,1,3.0,0.79
339,114,5,4.0,9.76,1,4.5,0.96
332,116,5,5.0,9.28,1,5.0,0.94
321,107,2,2.0,8.44,0,1.5,0.81
323,113,3,4.0,8.88,1,4.0,0.79
336,119,4,4.5,9.62,1,4.0,0.95
317,107,2,3.5,8.28,0,3.0,0.66
312,100,1,3.0,8.53,1,3.0,0.69
327,113,3,3.5,8.66,1,3.0,0.8
331,117,4,4.5,9.42,1,5.0,0.94
314,99,4,3.5,8.73,1,4.5,0.71
334,119,5,4.5,9.48,1,4.5,0.94
327,113,4,4.5,9.04,0,4.5,0.84
312,107,3,3.0,7.9,1,2.0,0.64
331,115,5,4.5,9.36,1,3.5,0.93
336,112,5,5.0,9.76,1,5.0,0.96
329,111,4,4.5,9.18,1,4.5,0.87
306,105,2,2.5,8.22,1,3.0,0.72
302,99,1,2.0,7.25,0,2.0,0.57
309,105,2,2.5,7.68,0,4.0,0.55
314,106,2,4.0,8.25,0,3.5,0.62
