OLS_LR_all,OLS_LR_36,ElasNet_36,KNN_all,RandFor_all
425.93108859,552.85926868,552.81914494,417.2192649,422.30621467
183.52740766,210.80167345,210.35895428,185.51412781,184.97934005
134.72761984,123.6281426,118.10562924,123.41564852,134.96087479
138.45581251,128.24445457,123.10313937,135.15090507,136.02076044
413.15291056,590.70288076,590.50079696,419.74317281,421.21129004
447.2906282,463.42082567,461.62975661,450.73621762,449.10284586
568.16886068,143.51566033,138.46093959,566.42378049,572.34843496
140.92118982,123.25094313,119.28411103,134.05568276,150.10579094
444.47672801,129.99480711,123.14145802,442.4125294,447.13622224
130.01073927,412.47683308,412.35020263,113.69091099,114.37442543
302.6662985151705,287.88954893941775,284.9754132666877,298.8362240368504,303.2546199416678
162.55875437222156,184.2632445272487,186.34463238734193,166.060974249007,164.88827791922378
