RMSE,OLS_LR_all,OLS_LR_36,ElasNet_36,KNN_all,RandFor_all,KNN_pca0.95,RanFor_pca0.95,OLS_RFECV81,KNN_7,RandFor_7
rmse_1,425.93108859,552.85926868,552.81914494,417.2192649,422.30621467,438.55526927,439.47246945,425.88957391,430.04376745,435.53001694
rmse_2,183.52740766,210.80167345,210.35895428,185.51412781,184.97934005,188.60044533,211.00742227,182.8997185,210.55232161,197.81929847
rmse_3,134.72761984,123.6281426,118.10562924,123.41564852,134.96087479,127.74280555,141.79015851,130.36298916,144.80655904,177.40858838
rmse_4,138.45581251,128.24445457,123.10313937,135.15090507,136.02076044,146.01301654,146.55941033,137.69506409,141.79051923,134.14344988
rmse_5,413.15291056,590.70288076,590.50079696,419.74317281,421.21129004,420.36460747,427.4270381,411.7671563,422.85837113,423.65414056
rmse_6,447.29062819999996,463.42082567,461.62975661,450.73621762,449.10284586,446.4599752,423.95582045,446.81798781,457.49145461,449.83918495
rmse_7,568.16886068,143.51566033,138.46093959,566.42378049,572.34843496,568.93278988,572.69314711,565.0406336,568.49728382,575.33050955
rmse_8,140.92118982,123.25094313,119.28411103,134.05568276,150.10579094,143.56518896,153.61692199,139.44482437,158.30198639,155.35068637
rmse_9,444.47672801,129.99480711,123.14145802,442.4125294,447.13622224,444.51846024,445.07800563,444.54116197,451.15999849,444.71184706
rmse_10,130.01073927,412.47683308,412.35020263,113.69091099,114.37442543,124.2923112,151.15726628,113.28733245,126.14806679,117.52541647
avg_rmse,302.6662985151705,287.88954893941775,284.9754132666877,298.83622403685035,303.25461994166784,304.904486963505,311.27576601234045,299.7746442154434,311.1650328557934,311.13131386329576
std_rmse,162.55875437222156,184.2632445272487,186.34463238734196,166.060974249007,164.88827791922378,164.08688293576697,156.61073676562975,164.47049855274946,160.59938633030455,160.87827782391386
