col1,col2,labels
-0.00218298,-0.034946,4
-0.0639379,0.056001,4
-0.0596049,0.0034578,4
0.0927675,0.0092155,4
0.08047909999999998,-0.096862,4
-0.00676659,-0.014138,4
0.0375208,0.041486,4
0.0608893,-0.026243,4
0.00536075,0.054458,4
0.0891271,0.01793,4
0.0229767,0.04499,4
0.0607686,0.035525,4
0.0510284,0.067997,4
0.00114546,0.035271,4
0.0313996,0.053987,4
-0.007337299999999999,-0.043479,4
-0.0625119,0.015029,4
0.08173819999999998,0.097422,4
0.0162897,0.040354,4
0.00531334,0.050317,4
0.0558055,0.05673,4
0.0436138,0.065671,4
0.0157116,0.0016463,4
0.0504987,0.04717,4
0.0353423,-0.012531,4
0.0830056,0.069796,4
0.00174885,0.104,4
-0.0277142,0.04727,4
0.0175203,0.079043,4
0.0466846,-0.070556,4
0.00191846,0.10051,4
0.0118719,0.1107,4
0.188516,0.024214,4
0.099971,0.020543,4
0.105182,0.05519,4
0.103497,0.11255,4
0.0819437,0.014577,4
0.0492056,0.07046,4
0.14532,0.1331,4
0.0355634,0.070516,4
-0.0107628,0.06937,4
0.104527,0.090643,4
0.0509384,0.2026,4
0.126912,0.10201,4
0.0340716,0.15152,4
-0.0299369,0.091097,4
0.106694,0.05289,4
0.0747103,-0.01903,4
0.132348,0.19785,4
0.137244,0.077114,4
0.116338,0.04663,4
0.112621,0.0416,4
0.135819,0.090582,4
0.0549937,0.076634,4
0.114551,0.097947,4
0.0269335,0.091434,4
0.153119,0.10194,4
0.121205,0.098046,4
0.204554,0.12614,4
0.0669979,0.053081,4
0.150573,0.21419,4
0.15831,0.15733,4
0.123374,0.0836,4
0.124982,0.159,4
0.220052,0.1813,4
0.13036,0.022082,4
0.177934,0.10548,4
0.151575,0.12119,4
0.164782,0.070196,4
0.155258,0.07515199999999998,4
0.120533,0.18564,4
0.148229,0.12601,4
0.203783,0.15004,4
0.17143,0.17929,4
0.188371,0.16256,4
0.131402,0.12709,4
0.14109600000000003,0.187,4
0.167792,0.17754,4
0.178579,0.2203,4
0.220601,0.11293,4
0.190484,0.1929,4
0.120461,0.1724,4
0.172255,0.14075,4
0.177824,0.22583,4
0.220458,0.18575,4
0.237394,0.20682,4
0.169242,0.20786,4
0.127261,0.14297,4
0.306306,0.17578,4
0.100377,0.21468,4
0.265176,0.13602,4
0.103668,0.033536,4
0.222384,0.10726,4
0.207573,0.2178,4
0.162328,0.17685999999999996,4
0.288196,0.27664,4
0.222941,0.25676,4
0.204886,0.16314999999999996,4
0.187693,0.11406,4
0.254457,0.2592,4
0.201471,0.1008,4
0.133629,0.30134,4
0.251955,0.19057,4
0.200113,0.16492,4
0.14763,0.195,4
0.241814,0.20605,4
0.116876,0.25432,4
0.190566,0.15192,4
0.229862,0.23304,4
0.166656,0.18965,4
0.241816,0.128,4
0.218509,0.2218,4
0.206993,0.2402,4
0.22573,0.20438,4
0.206391,0.23153,4
0.186486,0.22216,4
0.214009,0.26356,4
0.173985,0.2461,4
0.23491,0.2563,4
0.253693,0.16389,4
0.227426,0.17086,4
0.128068,0.28687,4
0.268642,0.30575,4
0.282543,0.25332,4
0.220751,0.20788,4
0.291379,0.253,4
0.222144,0.23955,4
0.299506,0.24512,4
0.188683,0.2372,4
0.320114,0.28114,4
0.189317,0.34391,4
0.297255,0.19885,4
0.299419,0.22627,4
0.232392,0.31156,4
0.29357,0.24352,4
0.234527,0.2833,4
0.243665,0.29076,4
0.237223,0.2957,4
0.290124,0.3267,4
0.260812,0.20271,4
0.361438,0.27477,4
0.281338,0.27024,4
0.325532,0.31375,4
0.244042,0.21707,4
0.376983,0.28134,4
0.24561,0.28672,4
0.208419,0.2547,4
0.190692,0.34232,4
0.384288,0.33483,4
0.245957,0.31867,4
0.297903,0.25759,4
0.318817,0.23203,4
0.31847,0.28195,4
0.278081,0.39235,4
0.35054,0.39531,4
0.286377,0.35412,4
0.352844,0.37105,4
0.299191,0.28397,4
0.311589,0.3235,4
0.318429,0.2699,4
0.265087,0.28512,4
0.325488,0.32802,4
0.289331,0.28713,4
0.325075,0.29965,4
0.35016,0.40757,4
0.302694,0.3962,4
0.269308,0.35953,4
0.367812,0.3603,4
0.395504,0.32003,4
0.330454,0.35165,4
0.281996,0.31099,4
0.34686,0.39533,4
0.356674,0.2771,4
0.379924,0.31069,4
0.373689,0.31875,4
0.316033,0.343,4
0.381648,0.46826,4
0.310564,0.3765,4
0.395629,0.41375,4
0.392898,0.36675,4
0.342402,0.3369,4
0.360372,0.35605,4
0.240497,0.33975,4
0.332211,0.39321,4
0.330294,0.36142,4
0.335631,0.35829,4
0.392961,0.42606,4
0.367266,0.38458,4
0.359109,0.40035,4
0.381207,0.43046,4
0.380447,0.29506,4
0.343417,0.40478,4
0.334603,0.4344,4
0.256756,0.34815,4
0.387577,0.39166,4
0.471597,0.36451,1
0.425645,0.32249,4
0.415263,0.37983,4
0.376641,0.48261,4
0.437284,0.44752,1
0.34868,0.35494,4
0.345174,0.41484,4
0.45434,0.52086,2
0.406196,0.4486,4
0.494842,0.44249,1
0.354644,0.42501,4
0.388124,0.4374,4
0.485974,0.42495,1
0.455797,0.35908,1
0.412084,0.36715,4
0.379063,0.46557,4
0.388722,0.42336,4
0.366207,0.52407,2
0.538551,0.44342,1
0.469191,0.42389,1
0.434476,0.4285,1
0.403422,0.48389,4
0.4155,0.4558,4
0.389282,0.41471,4
0.498892,0.44449,1
0.366175,0.51503,2
0.500208,0.38419,1
0.510881,0.5175,1
0.524162,0.51662,1
0.371519,0.39114,4
0.494984,0.4194,1
0.496671,0.5149,1
0.458668,0.39701,1
0.450377,0.4814,1
0.524138,0.48001,1
0.468139,0.54164,2
0.343244,0.4382,4
0.480991,0.51592,1
0.511116,0.4265,1
0.540373,0.4673,1
0.523334,0.3995,1
0.450034,0.43564,1
0.53251,0.38912,1
0.470364,0.49218,1
0.362601,0.42452,4
0.411803,0.46586,4
0.525727,0.51447,1
0.47339,0.4969,1
0.496883,0.4932,1
0.442498,0.53723,2
0.479948,0.48316,1
0.503664,0.52952,1
0.478766,0.48808,1
0.472928,0.38013,1
0.423343,0.53961,2
0.454585,0.55714,2
0.488799,0.50976,1
0.510719,0.48187,1
0.3984,0.51771,2
0.465035,0.49716,1
0.501073,0.47775,1
0.446858,0.52282,2
0.47798,0.49913,1
0.53737,0.5185,1
0.537717,0.51511,1
0.560327,0.52012,1
0.555603,0.57892,3
0.494745,0.48442,1
0.409989,0.55067,2
0.525483,0.48153,1
0.474898,0.5778,2
0.4968,0.5141,1
0.533479,0.5184,1
0.555228,0.54456,1
0.527153,0.52549,1
0.598296,0.52574,1
0.566989,0.49008,1
0.490358,0.50637,1
0.593615,0.57625,3
0.597568,0.53305,1
0.573629,0.57782,3
0.482839,0.55912,2
0.592681,0.47011,1
0.428358,0.5481,2
0.59141,0.61165,3
0.514864,0.58407,3
0.573694,0.61601,3
0.593577,0.63586,3
0.499951,0.58465,3
0.6183,0.59287,3
0.577155,0.56689,3
0.598141,0.58069,3
0.61191,0.52525,1
0.636448,0.52562,3
0.577982,0.55295,1
0.616602,0.58967,3
0.665553,0.58461,3
0.598093,0.59479,3
0.537573,0.53283,1
0.59364,0.60263,3
0.581588,0.58318,3
0.626729,0.56986,3
0.659817,0.53452,3
0.621919,0.62909,3
0.599085,0.5372,1
0.658753,0.57651,3
0.665515,0.53477,3
0.537533,0.61837,3
0.649307,0.59842,3
0.599268,0.64112,3
0.688788,0.51346,3
0.642209,0.68764,3
0.622061,0.52572,1
0.528297,0.54912,1
0.652253,0.60814,3
0.610016,0.70372,3
0.658829,0.66756,3
0.64594,0.57507,3
0.702287,0.60061,3
0.56831,0.63384,3
0.593581,0.61218,3
0.636979,0.61856,3
0.60509,0.59585,3
0.705369,0.60105,3
0.600222,0.68277,3
0.638295,0.65927,3
0.601998,0.65647,3
0.580926,0.65101,3
0.629223,0.73124,3
0.664449,0.69362,3
0.695285,0.5942,3
0.650101,0.67527,3
0.66246,0.69939,3
0.654713,0.67576,3
0.637366,0.66233,3
0.69194,0.65612,3
0.661268,0.61473,3
0.725623,0.66951,3
0.586928,0.66,3
0.628091,0.65166,3
0.662345,0.62114,3
0.752617,0.62915,3
0.653464,0.6949,3
0.699174,0.77908,3
0.694492,0.72374,3
0.704455,0.66067,3
0.653087,0.70506,3
0.68835,0.72745,3
0.719102,0.63774,3
0.643707,0.6838,3
0.739647,0.63573,3
0.657591,0.67735,3
0.624912,0.71451,3
0.719226,0.67907,3
0.768981,0.758,3
0.65564,0.6761,3
0.644408,0.7654499999999999,3
0.669127,0.73175,3
0.636439,0.7111,3
0.651311,0.6575,3
0.695231,0.6653,3
0.691817,0.6732,3
0.7321689999999998,0.74006,3
0.769985,0.80086,3
0.7326479999999999,0.7430299999999999,3
0.737645,0.76678,3
0.7307869999999999,0.84165,3
0.737521,0.65082,3
0.801929,0.74005,3
0.796783,0.71991,3
0.668526,0.73962,3
0.674247,0.73168,3
0.787848,0.7311999999999999,3
0.7554809999999998,0.82032,3
0.777614,0.72924,3
0.7336169999999999,0.81839,3
0.770055,0.77507,3
0.677076,0.67789,3
0.666264,0.79549,3
0.661726,0.77038,3
0.712722,0.68319,3
0.7244009999999999,0.79318,3
0.679336,0.70206,3
0.652573,0.78058,3
0.820852,0.72516,3
0.817767,0.7443499999999998,3
0.815497,0.7682,3
0.736908,0.7798899999999999,3
0.83087,0.86641,3
0.64769,0.7274199999999998,3
0.7882599999999998,0.72264,3
0.790701,0.7246099999999999,3
0.8227529999999998,0.73478,3
0.846618,0.7861,3
0.75023,0.7326599999999999,3
0.741386,0.7686699999999999,3
0.7742339999999999,0.74546,3
0.726488,0.6871,3
0.862646,0.80368,3
0.68738,0.76222,3
0.772831,0.85055,3
0.693937,0.7290999999999999,3
0.803751,0.77874,3
0.744159,0.73478,3
0.771233,0.77637,3
0.841271,0.8012599999999999,3
0.765399,0.81298,3
0.768167,0.75429,3
0.802877,0.75858,3
0.902112,0.91786,3
0.832154,0.91617,3
0.754788,0.8830799999999999,3
0.762198,0.76998,3
0.784636,0.80735,3
0.924097,0.8507099999999999,3
0.799999,0.7966999999999999,3
0.766063,0.84411,3
0.894491,0.80474,3
0.848959,0.73909,3
0.849095,0.78684,3
0.812649,0.85007,3
0.875989,0.90895,3
0.7996269999999999,0.78283,3
0.858383,0.81332,3
0.862174,0.80662,3
0.880212,0.82581,3
0.8948399999999999,0.8389499999999999,3
0.852708,0.86735,3
0.801428,0.81693,3
0.888243,0.85479,3
0.84346,0.83135,3
0.837295,0.97838,3
0.8722419999999999,0.89287,3
0.844952,0.9169,3
0.850752,0.8313399999999999,3
0.874911,0.8223,3
0.876784,0.9307,3
0.872394,0.87766,3
0.958429,0.84001,3
0.9202340000000002,1.0127,3
0.8748019999999999,0.7814499999999999,3
0.911979,0.85391,3
0.982089,0.7876999999999998,3
0.891649,0.82265,3
0.926293,0.79384,3
0.899838,0.88724,3
0.853805,0.9520400000000002,3
0.8532619999999999,0.95415,3
0.860253,0.92173,3
0.871143,0.8930099999999999,3
0.916349,0.8681,3
1.01366,0.91305,3
0.847547,0.93407,3
0.870622,0.90299,3
0.887938,0.84451,3
0.945505,0.93768,3
0.932741,0.904,3
0.907321,0.88075,3
0.8351039999999998,0.91473,3
0.9309,0.9255,3
0.874739,0.96369,3
1.00097,0.88453,3
0.883564,0.80573,3
0.880525,0.8874499999999999,3
0.934493,0.8601999999999999,3
0.950837,0.87678,3
0.9244190000000002,0.90316,3
0.9080760000000002,0.88417,3
0.908213,0.8565,3
0.958357,0.98303,3
0.870657,0.90867,3
0.961006,0.90114,3
0.892938,0.9591,3
0.937576,0.9546,3
0.937175,0.97274,3
0.951215,0.91089,3
0.91428,0.97538,3
0.954856,0.89826,3
0.947462,0.89915,3
0.9569470000000002,0.94724,3
0.953657,0.91284,3
0.986404,0.95451,3
0.972488,0.91622,3
0.930383,1.004,3
0.881243,0.99204,3
0.964343,1.1116,3
0.990535,0.96472,3
0.923879,0.93574,3
0.990845,1.0318,3
1.05923,0.99276,3
0.958842,0.97667,3
0.961119,1.0595,3
0.956609,0.9544,3
0.918165,0.9595,3
0.946198,1.0119,3
0.951573,0.98388,3
0.988767,0.93042,3
1.05135,0.9633600000000002,3
0.952025,1.0104,3
1.01365,1.0502,3
0.904785,0.94475,3
1.00956,1.0319,3
1.01058,1.0032,3
0.9971620000000002,1.0217,3
1.0715,1.0205,3
0.011680500000000003,0.95941,2
0.0233418,1.0934,2
0.0333121,0.99641,2
-0.0411111,1.009,2
0.113003,0.9644,2
0.0114116,0.8668,2
0.0209937,0.97443,2
0.096531,1.0986,2
-0.0182292,1.0448,2
0.0501229,1.0131,2
0.158013,1.0037,2
-0.00129667,1.0072,2
0.0332762,0.88977,2
0.114286,0.9051300000000002,2
-0.132682,1.0709,2
0.0289454,0.98108,2
0.0284502,0.94076,2
-0.0110423,0.88564,2
0.060555,1.012,2
0.0529104,0.8965499999999998,2
0.0590101,0.8767,2
0.0554228,0.92163,2
0.0650897,0.92468,2
0.0223906,0.943,2
0.11872,0.8782999999999999,2
0.0188274,0.87246,2
-0.0171238,0.98825,2
0.0016943,0.87675,2
0.0699531,0.96073,2
0.0642334,0.90503,2
0.0518022,0.94767,2
0.0247965,0.97586,2
0.0526942,0.98579,2
0.0357008,0.93725,2
0.037223,0.912,2
0.0850229,0.9770700000000002,2
0.13854300000000003,1.0038,2
0.137958,0.98231,2
0.096611,0.97963,2
-0.0857208,0.8862799999999998,2
0.102354,0.90306,2
0.0993127,0.88559,2
0.0501241,0.9304,2
0.156613,0.87356,2
0.0973241,0.8308999999999999,2
-0.0228273,0.80446,2
0.123436,0.86,2
0.0952432,0.88328,2
0.0493843,0.97599,2
0.0998986,0.97443,2
0.0831967,0.93023,2
0.134823,0.9184000000000002,2
0.0924605,0.86436,2
0.185673,0.8876199999999999,2
0.142178,0.91208,2
0.179407,0.92499,2
0.0771608,0.8534199999999998,2
0.07863209999999998,0.8519,2
0.14138400000000004,0.93818,2
0.108702,0.90174,2
0.115089,0.8542699999999999,2
0.0597174,0.83264,2
0.131602,0.78847,2
0.317679,0.94189,2
0.131535,0.915,2
0.142791,0.8675,2
0.129189,0.88212,2
0.13273,0.91216,2
0.184497,0.82467,2
0.113632,0.89802,2
0.106819,0.82765,2
0.0912357,0.89275,2
0.144072,0.85395,2
0.176656,0.8986699999999999,2
0.0790883,0.8610799999999998,2
0.146343,0.7477,2
0.188456,0.80971,2
0.141472,0.8175,2
0.149602,0.75638,2
0.189395,0.8482,2
0.136692,0.8031,2
0.140054,0.8081899999999999,2
0.137763,0.77708,2
0.07078130000000002,0.80591,2
0.167212,0.7542299999999998,2
0.133515,0.8878,2
0.157011,0.86601,2
0.138288,0.86544,2
0.11817,0.83646,2
0.31347,0.86866,2
0.265725,0.74682,2
0.175697,0.86433,2
0.209902,0.79556,2
0.245904,0.8848,2
0.104743,0.85313,2
0.187111,0.7632999999999999,2
0.130218,0.85848,2
0.275027,0.8085299999999999,2
0.190838,0.74802,2
0.262252,0.86102,2
0.219726,0.73877,2
0.27551,0.8085,2
0.261232,0.80566,2
0.309634,0.8679099999999998,2
0.213803,0.83032,2
0.281977,0.81104,2
0.242339,0.75143,2
0.13243,0.7426899999999999,2
0.168165,0.70654,2
0.19589,0.7759899999999998,2
0.227965,0.7364,2
0.143171,0.83709,2
0.30336,0.83115,2
0.250334,0.80738,2
0.357763,0.8001,2
0.256897,0.73277,2
0.263576,0.76092,2
0.263737,0.71815,2
0.20452,0.73958,2
0.212623,0.76605,2
0.208142,0.81554,2
0.234846,0.7627399999999999,2
0.261342,0.7626,2
0.221045,0.77241,2
0.289931,0.6826,2
0.227079,0.73401,2
0.248947,0.76756,2
0.253471,0.83409,2
0.283025,0.76998,2
0.309902,0.7767699999999998,2
0.168504,0.76149,2
0.233194,0.73756,2
0.244841,0.8452,2
0.185526,0.67439,2
0.280853,0.70087,2
0.292632,0.6961,2
0.32319,0.69081,2
0.278784,0.7222,2
0.282841,0.69816,2
0.324243,0.81862,2
0.278807,0.73129,2
0.275626,0.71534,2
0.308953,0.7642,2
0.216356,0.75655,2
0.286765,0.70995,2
0.303522,0.82527,2
0.278063,0.68651,2
0.304219,0.77478,2
0.29229,0.6744,2
0.302365,0.7213,2
0.355187,0.72985,2
0.293021,0.69265,2
0.339135,0.77229,2
0.243993,0.57188,2
0.34785,0.63622,2
0.347752,0.67701,2
0.41113,0.63409,2
0.337988,0.72596,2
0.306739,0.7543999999999998,2
0.36748,0.57346,2
0.341716,0.68099,2
0.33032,0.67934,2
0.317182,0.66329,2
0.301384,0.70099,2
0.273711,0.60916,2
0.286222,0.69097,2
0.269498,0.6262,2
0.365751,0.57994,2
0.236976,0.57779,2
0.278536,0.76193,2
0.338586,0.7281499999999999,2
0.385792,0.62807,2
0.408816,0.7222,2
0.321079,0.49529,2
0.370194,0.66012,2
0.337598,0.6531,2
0.299829,0.64395,2
0.315909,0.63504,2
0.411666,0.6475,2
0.414705,0.6423,2
0.386093,0.63577,2
0.344844,0.56738,2
0.357266,0.6751,2
0.341091,0.7279,2
0.38166,0.5231,2
0.374528,0.57914,2
0.287283,0.65311,2
0.406327,0.66941,2
0.323941,0.52879,2
0.313282,0.60471,2
0.452402,0.77137,2
0.363956,0.67595,2
0.347414,0.60582,2
0.368253,0.70797,2
0.406475,0.56742,2
0.338027,0.63108,2
0.436792,0.67657,2
0.379756,0.62797,2
0.315429,0.6208,2
0.41943,0.66097,2
0.413907,0.53492,2
0.434679,0.60566,2
0.476206,0.5726,2
0.362536,0.60489,2
0.437298,0.59949,2
0.47359,0.56202,2
0.37871,0.64108,2
0.341949,0.50737,2
0.452718,0.58937,2
0.326461,0.6135,2
0.339776,0.57124,2
0.408712,0.5775,2
0.493112,0.48822,1
0.536063,0.59084,3
0.441809,0.55007,2
0.523289,0.52786,1
0.407402,0.5495,2
0.465416,0.57543,2
0.348247,0.52271,2
0.551238,0.56555,3
0.526862,0.5343,1
0.471194,0.54382,2
0.448002,0.51922,2
0.427857,0.61067,2
0.489289,0.5361,1
0.479695,0.46753,1
0.496247,0.48751,1
0.482565,0.61582,3
0.433612,0.57327,2
0.455003,0.56946,2
0.430708,0.55378,2
0.408597,0.50805,4
0.509087,0.58009,3
0.484971,0.51613,1
0.584014,0.43359,1
0.468606,0.48948,1
0.466269,0.53593,2
0.449362,0.47374,1
0.437293,0.53329,2
0.425808,0.51564,2
0.434905,0.4599,1
0.457385,0.47824,1
0.422242,0.55808,2
0.409919,0.5506,2
0.557752,0.53621,1
0.438663,0.57146,2
0.480063,0.59487,3
0.552188,0.5355,1
0.448219,0.51717,2
0.451595,0.54828,2
0.568738,0.5026,1
0.509983,0.59452,3
0.388473,0.45871,4
0.580264,0.5437,1
0.585035,0.5561,3
0.468007,0.43808,1
0.500514,0.47889,1
0.493483,0.49653,1
0.470749,0.53306,2
0.5928,0.59944,3
0.471863,0.48,1
0.446936,0.42637,1
0.464241,0.40738,1
0.506577,0.40923,1
0.529689,0.44314,1
0.56359,0.51358,1
0.556276,0.43639,1
0.476007,0.53027,1
0.520909,0.47277,1
0.535762,0.5303,1
0.483223,0.5692,2
0.45064,0.48826,1
0.546007,0.50964,1
0.467924,0.50283,1
0.607186,0.46617,1
0.618374,0.48171,1
0.567922,0.48879,1
0.492342,0.43078,1
0.632418,0.46691,1
0.539286,0.41331,1
0.513904,0.43652,1
0.531449,0.46376,1
0.500605,0.40775,1
0.556483,0.45933,1
0.548446,0.53108,1
0.518273,0.45628,1
0.569274,0.51039,1
0.574741,0.47496,1
0.562303,0.35448,1
0.637299,0.48139,1
0.633567,0.4211,1
0.609318,0.42792,1
0.471277,0.44083,1
0.531661,0.37765,1
0.599191,0.41203,1
0.60841,0.42901,1
0.624505,0.43242,1
0.612268,0.38663,1
0.549296,0.39925,1
0.578472,0.32881,1
0.56891,0.36268,1
0.576198,0.40812,1
0.587101,0.36936,1
0.62583,0.3294,1
0.587788,0.4305,1
0.549101,0.37705,1
0.558653,0.44998,1
0.640306,0.34595,1
0.53112,0.36163,1
0.695567,0.384,1
0.645491,0.26698,1
0.640498,0.33069,1
0.662694,0.32851,1
0.605477,0.3333,1
0.571041,0.33425,1
0.66811,0.41479,1
0.629418,0.44646,1
0.639797,0.34332,1
0.641187,0.44326,1
0.584266,0.36802,1
0.595936,0.336,1
0.605316,0.39177,1
0.52599,0.31946,1
0.706005,0.3181,1
0.577685,0.34277,1
0.622707,0.28388,1
0.598374,0.35349,1
0.7346399999999998,0.33625,1
0.634418,0.33849,1
0.740314,0.345,1
0.702665,0.35179,1
0.718069,0.27241,1
0.632794,0.33866,1
0.673406,0.37041,1
0.68359,0.36878,1
0.652028,0.27646,1
0.624153,0.24428,1
0.631521,0.28099,1
0.724033,0.33568,1
0.711269,0.36845,1
0.7655849999999998,0.24961,1
0.696489,0.19387,1
0.691412,0.41279,1
0.67629,0.235,1
0.715333,0.22173,1
0.652739,0.33146,1
0.666157,0.36658,1
0.695521,0.26649,1
0.839553,0.34777,1
0.673008,0.34664,1
0.719725,0.36568,1
0.752177,0.20409,1
0.794469,0.30005,1
0.726981,0.32856,1
0.664893,0.29055,1
0.727308,0.2874,1
0.676992,0.26846,1
0.648102,0.36746,1
0.743382,0.31485,1
0.697606,0.32036,1
0.602228,0.20749,1
0.675058,0.31575,1
0.707512,0.2428,1
0.691021,0.28601,1
0.729518,0.29404,1
0.785795,0.23608,1
0.747024,0.24471,1
0.787866,0.3428,1
0.794618,0.23036,1
0.761795,0.19165,1
0.7528749999999998,0.20197,1
0.7882409999999999,0.3204,1
0.67856,0.232,1
0.707757,0.23754,1
0.762919,0.20648,1
0.816111,0.2671,1
0.7950049999999999,0.23739,1
0.745096,0.15651,1
0.799566,0.28493,1
0.7476129999999999,0.17139,1
0.7914419999999999,0.20148,1
0.79129,0.20777,1
0.697213,0.19281,1
0.797965,0.19106,1
0.788586,0.18973,1
0.793303,0.21578,1
0.761272,0.25707,1
0.7601569999999999,0.22129,1
0.717998,0.20574,1
0.740693,0.26053,1
0.828698,0.21264,1
0.789864,0.14478,1
0.815757,0.17041,1
0.8329229999999999,0.1244,1
0.787883,0.21238,1
0.860144,0.20283,1
0.786984,0.26479,1
0.789705,0.25919,1
0.852415,0.14757,1
0.772166,0.22703,1
0.808245,0.25976,1
0.848043,0.22462,1
0.826817,0.13049,1
0.780999,0.16785,1
0.745881,0.17138,1
0.825926,0.15893,1
0.7250919999999998,0.22911,1
0.763264,0.1631,1
0.833126,0.19836,1
0.7439529999999999,0.085497,1
0.769478,0.2057,1
0.736543,0.19711,1
0.747885,0.16803,1
0.8614699999999998,0.10288000000000001,1
0.7867779999999999,0.15441,1
0.788178,0.2319,1
0.886464,0.19855,1
0.843779,0.23986,1
0.796826,0.14456,1
0.887592,0.2025,1
0.860562,0.03794,1
0.7603379999999998,0.2002,1
0.805237,0.16578,1
0.961427,0.11296,1
0.8346449999999999,0.15837,1
0.835032,0.15811,1
0.8419229999999999,0.04494,1
0.769762,0.22135,1
0.898939,0.22883,1
0.847385,0.18304,1
0.930723,0.1887,1
0.881773,0.089683,1
0.872562,0.06534,1
0.888557,0.11682,1
0.8654819999999999,0.061921,1
0.803285,0.11676,1
0.8249499999999999,0.14433,1
0.8843809999999999,0.10401,1
0.891609,0.089978,1
0.8598409999999999,0.048139,1
0.91475,0.035194,1
0.959434,0.158,1
0.856256,0.084266,1
0.962772,0.10076,1
0.959867,0.11491,1
0.988203,0.18428,1
0.942495,0.036533,1
0.868133,0.084766,1
0.910274,0.1323,1
0.882456,0.14639,1
0.917879,0.10104,1
0.991998,0.14399,1
1.02372,0.17077,1
0.877962,0.026186,1
0.909944,0.07698,1
0.923579,0.13306,1
0.8969,0.0016759,1
0.77918,0.08963699999999998,1
0.953312,0.12095,1
0.866463,0.093863,1
0.964209,0.1243,1
0.912957,-0.018631,1
0.929066,0.040913,1
1.01295,0.1866,1
0.899232,0.1573,1
0.903267,0.098326,1
0.9895830000000002,0.038128,1
0.879649,0.14939,1
0.894592,0.066836,1
0.953693,0.035798,1
0.957136,0.065986,1
0.905009,0.063164,1
1.06422,0.046646,1
0.911277,0.08015999999999998,1
0.8799289999999999,0.033002,1
0.791795,0.073062,1
0.935291,-0.0098582,1
0.924158,-0.015955,1
0.95373,0.085731,1
0.885015,-0.039883,1
0.916294,0.11414,1
0.983741,0.14302,1
0.862263,0.0090292,1
0.9887260000000002,0.029034,1
0.939544,0.06468,1
0.915995,-0.0075229,1
0.918206,0.0034169,1
0.914907,0.10977,1
0.980687,0.036218,1
0.948311,0.07889699999999998,1
0.918506,-0.027526,1
1.056,-0.037532,1
0.906854,-0.053207,1
1.04612,-0.11479,1
1.00927,-0.003333,1
0.950952,0.045652,1
0.898371,0.0054316,1
0.913179,0.055616,1
1.00114,0.0038673,1
0.981818,-0.044848,1
