col1,col2,col3,labels
1.295428,0.050829,-0.38521700000000003,1
1.409178,-0.035191,-0.25198000000000004,1
1.096803,0.246365,-0.41501099999999996,1
1.463328,0.265354,-0.513488,1
1.603284,0.080577,-0.470257,1
1.001833,-0.083266,-0.681399,1
1.5174450000000002,0.286702,-0.547891,1
1.617901,-0.158504,-0.301126,1
1.0831620000000002,-0.371103,-0.358668,1
1.669991,0.0866,-0.280595,1
1.4576440000000002,-0.40126799999999996,-0.407497,1
0.9143290000000001,0.242193,-0.310915,1
1.643737,0.153696,-0.24187600000000004,1
1.5954190000000001,-0.310447,-0.368662,1
1.153698,-0.25427,-0.87687,1
1.524989,0.162923,-0.877225,1
1.247658,-0.33306199999999997,-0.037487,1
0.826074,-0.31543000000000004,-0.389405,1
0.877268,0.354988,-0.618269,1
0.809343,0.313444,-0.296642,1
1.546564,0.055433,0.057049,1
1.555207,0.48368,-0.659155,1
1.570894,-0.469775,-0.218926,1
0.9618,0.345034,-0.838026,1
0.948567,-0.327407,-0.020961,1
1.527893,-0.082015,-1.018224,1
0.788416,-0.376902,-0.297599,1
0.9029799999999999,-0.180361,0.045153,1
1.834789,-0.1316,-0.725146,1
1.369116,-0.0194,-1.095284,1
1.248246,-0.632417,-0.625915,1
1.554125,-0.002265,0.17573699999999998,1
1.7572880000000002,-0.461343,-0.29954000000000003,1
1.868755,-0.024153,-0.790365,1
1.302702,0.689971,-0.424533,1
1.924263,-0.075534,-0.683471,1
1.269947,-0.49578500000000003,-0.961158,1
1.094222,-0.623419,-0.759255,1
1.990546,-0.038016,-0.442557,1
1.7550729999999999,0.169729,0.057506,1
1.6339569999999999,0.323377,0.090103,1
0.693121,-0.37945100000000004,-0.6836439999999999,1
0.532497,-0.093011,-0.520972,1
1.214785,0.741492,-0.523834,1
1.495177,0.560867,-0.002043,1
1.0495370000000002,-0.025452,-1.1770260000000001,1
0.994137,0.078633,-1.15429,1
1.258023,0.5672550000000001,0.081931,1
1.348109,-0.054338,0.32405900000000004,1
1.2151020000000001,-0.7591979999999999,-0.25805700000000004,1
1.6455330000000001,0.691991,-0.414455,1
1.896597,0.060015,-0.9277299999999999,1
0.813372,-0.45102200000000003,-0.915658,1
1.595849,0.468001,-1.018286,1
1.672338,0.038413,0.250135,1
1.138984,0.7950010000000001,-0.276674,1
1.812173,-0.44079300000000005,-0.8945649999999999,1
1.4109399999999999,0.810588,-0.5585979999999999,1
1.511001,0.181599,0.327558,1
1.5737450000000002,-0.776984,-0.46069499999999997,1
1.154986,-0.031269,-1.278567,1
2.090848,-0.145125,-0.340549,1
0.423861,0.072789,-0.41346000000000005,1
1.563656,-0.780312,-0.622889,1
0.873642,-0.545259,-0.993664,1
1.967473,0.323425,-0.047633,1
0.788993,0.525355,-0.945737,1
1.496743,-0.8421290000000001,-0.32898099999999997,1
1.8788900000000002,0.040344,0.18595899999999999,1
0.844426,0.572656,0.070963,1
2.070226,-0.374627,-0.43321899999999997,1
1.0509549999999999,-0.392183,0.319538,1
1.833459,0.5532130000000001,-0.026761,1
1.892107,-0.557534,-0.072407,1
1.3821709999999998,0.21843600000000002,-1.332147,1
2.087972,0.327809,-0.70549,1
0.858115,-0.631101,-0.978525,1
1.8381919999999998,0.242957,-1.132464,1
1.161382,-0.205692,-1.341069,1
1.903102,-0.031523,-1.119995,1
0.541289,-0.55812,-0.35091100000000003,1
0.442275,0.19298800000000002,-0.087258,1
1.584697,-0.711383,0.061698,1
1.496522,0.89135,-0.22774299999999997,1
1.931225,0.6008319999999999,-0.133303,1
1.6390360000000002,-0.5194350000000001,0.252474,1
1.5376610000000002,0.19914400000000002,0.44231400000000004,1
1.964698,-0.076565,0.20050199999999999,1
1.752882,-0.648626,-0.9581139999999999,1
0.972497,0.18899000000000002,0.44177299999999997,1
1.98307,-0.298888,0.120726,1
1.376106,-0.751302,-1.041932,1
0.826883,-0.804229,-0.158685,1
0.465236,-0.175502,0.077741,1
1.295867,-0.9801200000000001,-0.46346899999999996,1
2.065866,0.209456,0.084316,1
1.923298,-0.703156,-0.24684499999999998,1
0.543922,-0.103244,-1.101993,1
2.078767,-0.49263999999999997,-0.146922,1
2.019462,-0.44783999999999996,-0.932738,1
-0.6098279999999999,1.150829,-0.38521700000000003,2
-0.49607799999999996,1.0648090000000001,-0.25198000000000004,2
-0.808453,1.346365,-0.41501099999999996,2
-0.441928,1.3653540000000002,-0.513488,2
-0.30197199999999996,1.180577,-0.470257,2
-0.903423,1.016734,-0.681399,2
-0.387811,1.386702,-0.547891,2
-0.287355,0.9414959999999999,-0.301126,2
-0.8220940000000001,0.728897,-0.358668,2
-0.235265,1.1866,-0.280595,2
-0.447612,0.698732,-0.407497,2
-0.990926,1.342193,-0.310915,2
-0.261519,1.253696,-0.24187600000000004,2
-0.309837,0.789553,-0.368662,2
-0.751558,0.84573,-0.87687,2
-0.380266,1.262923,-0.877225,2
-0.6575979999999999,0.766938,-0.037487,2
-1.0791819999999999,0.78457,-0.389405,2
-1.027988,1.454988,-0.618269,2
-1.095913,1.4134440000000001,-0.296642,2
-0.358692,1.155433,0.057049,2
-0.350049,1.58368,-0.659155,2
-0.334362,0.630225,-0.218926,2
-0.943456,1.445034,-0.838026,2
-0.9566889999999999,0.772593,-0.020961,2
-0.377363,1.0179850000000001,-1.018224,2
-1.116839,0.7230979999999999,-0.297599,2
-1.002276,0.919639,0.045153,2
-0.070467,0.9684,-0.725146,2
-0.53614,1.0806,-1.095284,2
-0.65701,0.46758299999999997,-0.625915,2
-0.35113099999999997,1.0977350000000001,0.17573699999999998,2
-0.14796800000000002,0.6386569999999999,-0.29954000000000003,2
-0.036501,1.075847,-0.790365,2
-0.602554,1.789971,-0.424533,2
0.019007,1.0244659999999999,-0.683471,2
-0.635309,0.604215,-0.961158,2
-0.811034,0.47658100000000003,-0.759255,2
0.08529,1.061984,-0.442557,2
-0.15018199999999998,1.269729,0.057506,2
-0.27129899999999996,1.4233770000000001,0.090103,2
-1.212135,0.720549,-0.6836439999999999,2
-1.372759,1.006989,-0.520972,2
-0.6904710000000001,1.841492,-0.523834,2
-0.41007899999999997,1.6608669999999999,-0.002043,2
-0.855718,1.074548,-1.1770260000000001,2
-0.911119,1.178633,-1.15429,2
-0.647233,1.667255,0.081931,2
-0.5571470000000001,1.045662,0.32405900000000004,2
-0.690154,0.340802,-0.25805700000000004,2
-0.259723,1.791991,-0.414455,2
-0.008659,1.160015,-0.9277299999999999,2
-1.091884,0.6489779999999999,-0.915658,2
-0.30940700000000004,1.568001,-1.018286,2
-0.232918,1.138413,0.250135,2
-0.7662720000000001,1.895001,-0.276674,2
-0.093083,0.659207,-0.8945649999999999,2
-0.494316,1.9105880000000002,-0.5585979999999999,2
-0.394255,1.281599,0.327558,2
-0.331511,0.32301599999999997,-0.46069499999999997,2
-0.75027,1.0687309999999999,-1.278567,2
0.185592,0.954875,-0.340549,2
-1.481394,1.1727889999999999,-0.41346000000000005,2
-0.3416,0.319688,-0.622889,2
-1.031614,0.554741,-0.993664,2
0.062217,1.423425,-0.047633,2
-1.116262,1.6253549999999999,-0.945737,2
-0.408513,0.257871,-0.32898099999999997,2
-0.026366,1.140344,0.18595899999999999,2
-1.06083,1.6726560000000001,0.070963,2
0.16497,0.7253729999999999,-0.43321899999999997,2
-0.854301,0.707817,0.319538,2
-0.071797,1.653213,-0.026761,2
-0.013149,0.542466,-0.072407,2
-0.523085,1.3184360000000002,-1.332147,2
0.18271600000000002,1.427809,-0.70549,2
-1.0471409999999999,0.46889899999999995,-0.978525,2
-0.067064,1.342957,-1.132464,2
-0.7438739999999999,0.894308,-1.341069,2
-0.002154,1.0684770000000001,-1.119995,2
-1.363967,0.54188,-0.35091100000000003,2
-1.4629809999999999,1.292988,-0.087258,2
-0.32055900000000004,0.388617,0.061698,2
-0.40873400000000004,1.99135,-0.22774299999999997,2
0.025969,1.7008330000000003,-0.133303,2
-0.26621999999999996,0.580565,0.252474,2
-0.36759400000000003,1.299144,0.44231400000000004,2
0.059442,1.023435,0.20050199999999999,2
-0.152374,0.451374,-0.9581139999999999,2
-0.932759,1.2889899999999999,0.44177299999999997,2
0.077814,0.8011119999999999,0.120726,2
-0.52915,0.348698,-1.041932,2
-1.078373,0.295771,-0.158685,2
-1.44002,0.9244979999999999,0.077741,2
-0.6093890000000001,0.11988,-0.46346899999999996,2
0.16061,1.3094569999999999,0.084316,2
0.018042,0.39684400000000003,-0.24684499999999998,2
-1.361334,0.996756,-1.101993,2
0.173511,0.60736,-0.146922,2
0.11420599999999999,0.6521600000000001,-0.932738,2
-0.6098279999999999,-1.0491709999999999,-0.38521700000000003,3
-0.49607799999999996,-1.135191,-0.25198000000000004,3
-0.808453,-0.853635,-0.41501099999999996,3
-0.441928,-0.8346459999999999,-0.513488,3
-0.30197199999999996,-1.019423,-0.470257,3
-0.903423,-1.183266,-0.681399,3
-0.387811,-0.813298,-0.547891,3
-0.287355,-1.258504,-0.301126,3
-0.8220940000000001,-1.471103,-0.358668,3
-0.235265,-1.0134,-0.280595,3
-0.447612,-1.501268,-0.407497,3
-0.990926,-0.857807,-0.310915,3
-0.261519,-0.946304,-0.24187600000000004,3
-0.309837,-1.410447,-0.368662,3
-0.751558,-1.35427,-0.87687,3
-0.380266,-0.937077,-0.877225,3
-0.6575979999999999,-1.433062,-0.037487,3
-1.0791819999999999,-1.41543,-0.389405,3
-1.027988,-0.745012,-0.618269,3
-1.095913,-0.786556,-0.296642,3
-0.358692,-1.044567,0.057049,3
-0.350049,-0.61632,-0.659155,3
-0.334362,-1.569775,-0.218926,3
-0.943456,-0.754966,-0.838026,3
-0.9566889999999999,-1.4274069999999999,-0.020961,3
-0.377363,-1.182015,-1.018224,3
-1.116839,-1.476902,-0.297599,3
-1.002276,-1.280361,0.045153,3
-0.070467,-1.2316,-0.725146,3
-0.53614,-1.1194,-1.095284,3
-0.65701,-1.7324169999999999,-0.625915,3
-0.35113099999999997,-1.102265,0.17573699999999998,3
-0.14796800000000002,-1.561343,-0.29954000000000003,3
-0.036501,-1.124153,-0.790365,3
-0.602554,-0.410029,-0.424533,3
0.019007,-1.175534,-0.683471,3
-0.635309,-1.595785,-0.961158,3
-0.811034,-1.7234189999999998,-0.759255,3
0.08529,-1.138016,-0.442557,3
-0.15018199999999998,-0.930271,0.057506,3
-0.27129899999999996,-0.776623,0.090103,3
-1.212135,-1.479451,-0.6836439999999999,3
-1.372759,-1.193011,-0.520972,3
-0.6904710000000001,-0.358508,-0.523834,3
-0.41007899999999997,-0.539133,-0.002043,3
-0.855718,-1.1254520000000001,-1.1770260000000001,3
-0.911119,-1.021367,-1.15429,3
-0.647233,-0.532745,0.081931,3
-0.5571470000000001,-1.1543379999999999,0.32405900000000004,3
-0.690154,-1.859198,-0.25805700000000004,3
-0.259723,-0.408009,-0.414455,3
-0.008659,-1.039985,-0.9277299999999999,3
-1.091884,-1.551023,-0.915658,3
-0.30940700000000004,-0.631999,-1.018286,3
-0.232918,-1.061587,0.250135,3
-0.7662720000000001,-0.30499899999999996,-0.276674,3
-0.093083,-1.540793,-0.8945649999999999,3
-0.494316,-0.289412,-0.5585979999999999,3
-0.394255,-0.918401,0.327558,3
-0.331511,-1.876984,-0.46069499999999997,3
-0.75027,-1.131269,-1.278567,3
0.185592,-1.245125,-0.340549,3
-1.481394,-1.027211,-0.41346000000000005,3
-0.3416,-1.8803130000000001,-0.622889,3
-1.031614,-1.645259,-0.993664,3
0.062217,-0.776575,-0.047633,3
-1.116262,-0.574645,-0.945737,3
-0.408513,-1.942129,-0.32898099999999997,3
-0.026366,-1.059656,0.18595899999999999,3
-1.06083,-0.5273439999999999,0.070963,3
0.16497,-1.4746270000000001,-0.43321899999999997,3
-0.854301,-1.492183,0.319538,3
-0.071797,-0.546787,-0.026761,3
-0.013149,-1.657534,-0.072407,3
-0.523085,-0.8815639999999999,-1.332147,3
0.18271600000000002,-0.772191,-0.70549,3
-1.0471409999999999,-1.7311009999999998,-0.978525,3
-0.067064,-0.857043,-1.132464,3
-0.7438739999999999,-1.305692,-1.341069,3
-0.002154,-1.131523,-1.119995,3
-1.363967,-1.65812,-0.35091100000000003,3
-1.4629809999999999,-0.907012,-0.087258,3
-0.32055900000000004,-1.8113830000000002,0.061698,3
-0.40873400000000004,-0.20865,-0.22774299999999997,3
0.025969,-0.49916800000000006,-0.133303,3
-0.26621999999999996,-1.619435,0.252474,3
-0.36759400000000003,-0.900856,0.44231400000000004,3
0.059442,-1.1765649999999999,0.20050199999999999,3
-0.152374,-1.7486259999999998,-0.9581139999999999,3
-0.932759,-0.91101,0.44177299999999997,3
0.077814,-1.398888,0.120726,3
-0.52915,-1.851302,-1.041932,3
-1.078373,-1.9042290000000002,-0.158685,3
-1.44002,-1.2755020000000001,0.077741,3
-0.6093890000000001,-2.080121,-0.46346899999999996,3
0.16061,-0.890544,0.084316,3
0.018042,-1.8031560000000002,-0.24684499999999998,3
-1.361334,-1.203244,-1.101993,3
0.173511,-1.59264,-0.146922,3
0.11420599999999999,-1.5478399999999999,-0.932738,3
0.025258,0.050829,1.411075,4
0.139007,-0.035191,1.5443120000000001,4
-0.173368,0.246365,1.381282,4
0.193157,0.265354,1.282804,4
0.33311399999999997,0.080577,1.326035,4
-0.268338,-0.083266,1.1148930000000001,4
0.247275,0.286702,1.248401,4
0.347731,-0.158504,1.495167,4
-0.18700899999999998,-0.371103,1.437625,4
0.39982,0.0866,1.5156969999999998,4
0.187473,-0.40126799999999996,1.388795,4
-0.35584099999999996,0.242193,1.485378,4
0.373566,0.153696,1.554416,4
0.325248,-0.310447,1.42763,4
-0.116472,-0.25427,0.919423,4
0.254819,0.162923,0.919068,4
-0.022512,-0.33306199999999997,1.758806,4
-0.444097,-0.31543000000000004,1.406887,4
-0.392902,0.354988,1.178024,4
-0.46082799999999996,0.313444,1.499651,4
0.276393,0.055433,1.8533419999999998,4
0.285036,0.48368,1.137138,4
0.300723,-0.469775,1.577366,4
-0.30837,0.345034,0.958266,4
-0.321604,-0.327407,1.7753310000000002,4
0.257722,-0.082015,0.778069,4
-0.481754,-0.376902,1.498694,4
-0.367191,-0.180361,1.841445,4
0.5646180000000001,-0.1316,1.0711469999999998,4
0.098946,-0.0194,0.701009,4
-0.021924,-0.632417,1.1703780000000001,4
0.283954,-0.002265,1.97203,4
0.487117,-0.461343,1.496752,4
0.598584,-0.024153,1.0059280000000002,4
0.032531,0.689971,1.37176,4
0.654092,-0.075534,1.1128209999999998,4
-0.000224,-0.49578500000000003,0.8351350000000001,4
-0.175949,-0.623419,1.037038,4
0.720375,-0.038016,1.353736,4
0.484903,0.169729,1.853798,4
0.36378699999999997,0.323377,1.886396,4
-0.57705,-0.37945100000000004,1.112649,4
-0.7376729999999999,-0.093011,1.275321,4
-0.055386,0.741492,1.272459,4
0.22500599999999998,0.560867,1.79425,4
-0.220633,-0.025452,0.619266,4
-0.276033,0.078633,0.6420020000000001,4
-0.012148,0.5672550000000001,1.8782240000000001,4
0.077938,-0.054338,2.120351,4
-0.055068,-0.7591979999999999,1.5382360000000002,4
0.375362,0.691991,1.381837,4
0.626426,0.060015,0.8685620000000001,4
-0.45679899999999996,-0.45102200000000003,0.8806350000000001,4
0.325678,0.468001,0.778007,4
0.402167,0.038413,2.0464279999999997,4
-0.131187,0.7950010000000001,1.5196180000000001,4
0.5420020000000001,-0.44079300000000005,0.9017270000000001,4
0.140769,0.810588,1.237694,4
0.24083000000000002,0.181599,2.12385,4
0.30357399999999995,-0.776984,1.335597,4
-0.115184,-0.031269,0.517725,4
0.820677,-0.145125,1.4557440000000001,4
-0.846309,0.072789,1.382833,4
0.293485,-0.780312,1.173403,4
-0.396529,-0.545259,0.802629,4
0.6973020000000001,0.323425,1.748659,4
-0.481177,0.525355,0.850555,4
0.22657199999999997,-0.8421290000000001,1.4673120000000002,4
0.608719,0.040344,1.9822520000000001,4
-0.425745,0.572656,1.8672549999999999,4
0.8000550000000001,-0.374627,1.363073,4
-0.219216,-0.392183,2.11583,4
0.563288,0.5532130000000001,1.7695310000000002,4
0.6219359999999999,-0.557534,1.723885,4
0.112,0.21843600000000002,0.464146,4
0.817801,0.327809,1.090802,4
-0.41205600000000003,-0.631101,0.817767,4
0.568022,0.242957,0.663828,4
-0.10878900000000001,-0.205692,0.45522299999999993,4
0.632931,-0.031523,0.676297,4
-0.7288819999999999,-0.55812,1.445382,4
-0.827896,0.19298800000000002,1.7090349999999999,4
0.31452600000000003,-0.711383,1.857991,4
0.226352,0.89135,1.56855,4
0.661054,0.6008319999999999,1.6629900000000002,4
0.36886599999999997,-0.5194350000000001,2.048767,4
0.267491,0.19914400000000002,2.238607,4
0.694527,-0.076565,1.996795,4
0.48271099999999995,-0.648626,0.8381790000000001,4
-0.297673,0.18899000000000002,2.238065,4
0.712899,-0.298888,1.9170189999999998,4
0.10593599999999999,-0.751302,0.75436,4
-0.443288,-0.804229,1.637608,4
-0.8049350000000001,-0.175502,1.8740330000000003,4
0.025696,-0.9801200000000001,1.3328229999999999,4
0.7956949999999999,0.209456,1.880609,4
0.653127,-0.703156,1.549448,4
-0.726249,-0.103244,0.6943,4
0.808596,-0.49263999999999997,1.64937,4
0.749291,-0.44783999999999996,0.863555,4
